D = 
0	4	INF	INF	INF	10	INF	
3	0	INF	18	INF	13	INF	
INF	6	0	INF	INF	INF	INF	
INF	5	15	0	2	19	5	
INF	INF	12	1	0	INF	INF	
INF	INF	INF	INF	INF	0	10	
INF	INF	INF	8	INF	INF	0	

P = 
0	0	0	0	0	0	0	
0	0	0	0	0	1	0	
0	0	0	0	0	0	0	
0	0	0	0	0	0	0	
0	0	0	0	0	0	0	
0	0	0	0	0	0	0	
0	0	0	0	0	0	0	


D = 
0	4	INF	22	INF	10	INF	
3	0	INF	18	INF	13	INF	
9	6	0	24	INF	19	INF	
8	5	15	0	2	18	5	
INF	INF	12	1	0	INF	INF	
INF	INF	INF	INF	INF	0	10	
INF	INF	INF	8	INF	INF	0	

P = 
0	0	0	2	0	0	0	
0	0	0	0	0	1	0	
2	0	0	2	0	2	0	
2	0	0	0	0	2	0	
0	0	0	0	0	0	0	
0	0	0	0	0	0	0	
0	0	0	0	0	0	0	


D = 
0	4	INF	22	INF	10	INF	
3	0	INF	18	INF	13	INF	
9	6	0	24	INF	19	INF	
8	5	15	0	2	18	5	
21	18	12	1	0	31	INF	
INF	INF	INF	INF	INF	0	10	
INF	INF	INF	8	INF	INF	0	

P = 
0	0	0	2	0	0	0	
0	0	0	0	0	1	0	
2	0	0	2	0	2	0	
2	0	0	0	0	2	0	
3	3	0	0	0	3	0	
0	0	0	0	0	0	0	
0	0	0	0	0	0	0	


D = 
0	4	37	22	24	10	27	
3	0	33	18	20	13	23	
9	6	0	24	26	19	29	
8	5	15	0	2	18	5	
9	6	12	1	0	19	6	
INF	INF	INF	INF	INF	0	10	
16	13	23	8	10	26	0	

P = 
0	0	4	2	4	0	4	
0	0	4	0	4	1	4	
2	0	0	2	4	2	4	
2	0	0	0	0	2	0	
4	4	0	0	0	4	4	
0	0	0	0	0	0	0	
4	4	4	0	4	4	0	


D = 
0	4	36	22	24	10	27	
3	0	32	18	20	13	23	
9	6	0	24	26	19	29	
8	5	14	0	2	18	5	
9	6	12	1	0	19	6	
INF	INF	INF	INF	INF	0	10	
16	13	22	8	10	26	0	

P = 
0	0	5	2	4	0	4	
0	0	5	0	4	1	4	
2	0	0	2	4	2	4	
2	0	5	0	0	2	0	
4	4	0	0	0	4	4	
0	0	0	0	0	0	0	
4	4	5	0	4	4	0	


D = 
0	4	36	22	24	10	20	
3	0	32	18	20	13	23	
9	6	0	24	26	19	29	
8	5	14	0	2	18	5	
9	6	12	1	0	19	6	
INF	INF	INF	INF	INF	0	10	
16	13	22	8	10	26	0	

P = 
0	0	5	2	4	0	6	
0	0	5	0	4	1	4	
2	0	0	2	4	2	4	
2	0	5	0	0	2	0	
4	4	0	0	0	4	4	
0	0	0	0	0	0	0	
4	4	5	0	4	4	0	


D = 
0	4	36	22	24	10	20	
3	0	32	18	20	13	23	
9	6	0	24	26	19	29	
8	5	14	0	2	18	5	
9	6	12	1	0	19	6	
26	23	32	18	20	0	10	
16	13	22	8	10	26	0	

P = 
0	0	5	2	4	0	6	
0	0	5	0	4	1	4	
2	0	0	2	4	2	4	
2	0	5	0	0	2	0	
4	4	0	0	0	4	4	
7	7	7	7	7	0	0	
4	4	5	0	4	4	0	


